0, 0.202899, 0.137681, 29, 5
0, 0.202899, 0.137681, 22, 3
0, 0.202899, 0.137681, 11, 1
0, 0.202899, 0.137681, 31, 2
0, 0.188406, 0.130435, 34, 4
0, 0.231884, 0.130435, 7, 1
0, 0.217391, 0.166667, 12, 3
0, 0.188406, 0.123188, 23, 2
0, 0.217391, 0.123188, 25, 3
0, 0.217391, 0.123188, 29, 2
0, 0.202899, 0.137681, 23, 2
0, 0.188406, 0.123188, 66, 2
0, 0.217391, 0.108696, 43, 5
0, 0.202899, 0.195652, 43, 1
0, 0.217391, 0.137681, 15, 1
0, 0.202899, 0.108696, 115, 2
0, 0.217391, 0.130435, 8, 2
0, 0.202899, 0.115942, 37, 1
0, 0.231884, 0.130435, 5, 1
0, 0.231884, 0.130435, 7, 1
0, 0.231884, 0.130435, 8, 1
0, 0.188406, 0.137681, 35, 1
0, 0.202899, 0.137681, 23, 3
0, 0.231884, 0.130435, 5, 1
0, 0.217391, 0.166667, 10, 3
0, 0.188406, 0.144928, 12, 4
0, 0.231884, 0.130435, 8, 1
0, 0.217391, 0.130435, 51, 1
0, 0.173913, 0.130435, 33, 1
0, 0.231884, 0.130435, 24, 1
1, 0.101449, 0.130435, 6, 1
1, 0.086957, 0.137681, 27, 4
1, 0.086957, 0.137681, 32, 2
1, 0.086957, 0.130435, 42, 1
1, 0.101449, 0.130435, 12, 1
1, 0.072464, 0.137681, 16, 1
1, 0.101449, 0.130435, 10, 1
1, 0.086957, 0.115942, 50, 1
1, 0.101449, 0.130435, 8, 1
1, 0.101449, 0.130435, 7, 1
1, 0.072464, 0.123188, 29, 1
1, 0.086957, 0.130435, 23, 1
1, 0.072464, 0.123188, 67, 2
1, 0.086957, 0.152174, 7, 1
1, 0.086957, 0.137681, 28, 1
1, 0.101449, 0.130435, 10, 1
1, 0.086957, 0.137681, 13, 1
1, 0.086957, 0.144928, 31, 2
1, 0.072464, 0.130435, 68, 1
1, 0.086957, 0.137681, 16, 1
1, 0.086957, 0.123188, 51, 1
1, 0.101449, 0.130435, 8, 1
1, 0.086957, 0.115942, 39, 3
1, 0.086957, 0.137681, 23, 3
1, 0.086957, 0.144928, 64, 3
1, 0.086957, 0.130435, 29, 2
1, 0.101449, 0.130435, 72, 1
1, 0.072464, 0.173913, 55, 2
1, 0.072464, 0.130435, 24, 2
1, 0.101449, 0.130435, 8, 1
2, 0.144928, 0.181159, 11, 1
2, 0.144928, 0.181159, 8, 1
2, 0.144928, 0.181159, 9, 1
2, 0.144928, 0.181159, 7, 1
2, 0.130435, 0.123188, 28, 1
2, 0.144928, 0.181159, 6, 1
2, 0.144928, 0.181159, 7, 1
2, 0.130435, 0.159420, 45, 1
2, 0.144928, 0.181159, 8, 1
2, 0.144928, 0.181159, 5, 1
2, 0.144928, 0.181159, 9, 1
2, 0.144928, 0.181159, 9, 1
2, 0.130435, 0.173913, 38, 1
2, 0.144928, 0.181159, 9, 1
2, 0.144928, 0.166667, 32, 1
2, 0.115942, 0.152174, 54, 1
2, 0.130435, 0.173913, 51, 1
2, 0.144928, 0.181159, 5, 1
2, 0.144928, 0.181159, 7, 1
2, 0.130435, 0.152174, 38, 1
2, 0.130435, 0.144928, 35, 1
2, 0.144928, 0.181159, 11, 1
2, 0.144928, 0.173913, 15, 1
2, 0.144928, 0.181159, 8, 1
2, 0.144928, 0.181159, 8, 1
2, 0.144928, 0.166667, 22, 1
2, 0.115942, 0.173913, 34, 2
2, 0.144928, 0.181159, 3, 1
2, 0.144928, 0.181159, 7, 1
2, 0.144928, 0.181159, 9, 1
3, 0.173913, 0.181159, 8, 1
3, 0.130435, 0.181159, 50, 1
3, 0.173913, 0.181159, 8, 1
3, 0.115942, 0.166667, 46, 3
3, 0.159420, 0.181159, 42, 1
3, 0.173913, 0.181159, 8, 1
3, 0.173913, 0.188406, 24, 1
3, 0.173913, 0.181159, 6, 1
3, 0.173913, 0.173913, 8, 1
3, 0.144928, 0.210145, 40, 7
3, 0.144928, 0.188406, 40, 4
3, 0.159420, 0.195652, 62, 4
3, 0.115942, 0.166667, 40, 4
3, 0.144928, 0.152174, 83, 1
3, 0.159420, 0.166667, 66, 1
3, 0.130435, 0.152174, 45, 4
3, 0.144928, 0.144928, 75, 1
3, 0.173913, 0.181159, 8, 1
3, 0.159420, 0.173913, 25, 4
3, 0.159420, 0.202899, 11, 5
3, 0.159420, 0.181159, 21, 1
3, 0.101449, 0.159420, 43, 1
3, 0.144928, 0.210145, 11, 4
3, 0.159420, 0.166667, 20, 1
3, 0.130435, 0.137681, 46, 1
3, 0.173913, 0.181159, 13, 1
3, 0.173913, 0.181159, 7, 1
3, 0.144928, 0.181159, 13, 5
3, 0.115942, 0.166667, 42, 1
3, 0.159420, 0.188406, 35, 1
4, 0.028986, 0.152174, 60, 3
4, 0.101449, 0.195652, 56, 2
4, 0.101449, 0.173913, 34, 2
4, 0.101449, 0.195652, 21, 1
4, 0.115942, 0.195652, 8, 1
4, 0.086957, 0.181159, 46, 1
4, 0.086957, 0.188406, 73, 2
4, 0.101449, 0.202899, 48, 1
4, 0.115942, 0.195652, 7, 1
4, 0.101449, 0.188406, 33, 4
4, 0.115942, 0.195652, 7, 1
4, 0.086957, 0.173913, 46, 1
4, 0.086957, 0.188406, 26, 2
4, 0.115942, 0.195652, 7, 1
4, 0.086957, 0.195652, 64, 4
4, 0.072464, 0.188406, 43, 5
4, 0.115942, 0.195652, 7, 1
4, 0.115942, 0.195652, 8, 1
4, 0.115942, 0.195652, 12, 1
4, 0.101449, 0.181159, 32, 3
4, 0.115942, 0.195652, 8, 1
4, 0.115942, 0.195652, 11, 1
4, 0.101449, 0.202899, 30, 2
4, 0.043478, 0.144928, 58, 4
4, 0.101449, 0.202899, 23, 1
4, 0.072464, 0.188406, 47, 3
4, 0.115942, 0.195652, 5, 1
4, 0.086957, 0.188406, 65, 1
4, 0.101449, 0.195652, 46, 2
4, 0.115942, 0.195652, 9, 1
5, 0.130435, 0.130435, 10, 1
5, 0.101449, 0.130435, 70, 1
5, 0.115942, 0.144928, 36, 3
5, 0.130435, 0.130435, 8, 1
5, 0.101449, 0.152174, 29, 3
5, 0.115942, 0.130435, 22, 1
5, 0.101449, 0.130435, 65, 6
5, 0.101449, 0.123188, 48, 2
5, 0.115942, 0.173913, 38, 1
5, 0.115942, 0.137681, 99, 1
5, 0.115942, 0.137681, 11, 2
5, 0.130435, 0.130435, 8, 1
5, 0.130435, 0.130435, 9, 1
5, 0.130435, 0.130435, 8, 1
5, 0.130435, 0.130435, 7, 1
5, 0.130435, 0.130435, 7, 1
5, 0.115942, 0.137681, 77, 1
5, 0.101449, 0.123188, 76, 5
5, 0.101449, 0.115942, 32, 2
5, 0.115942, 0.123188, 29, 1
5, 0.115942, 0.130435, 23, 2
5, 0.115942, 0.130435, 43, 1
5, 0.115942, 0.123188, 20, 1
5, 0.115942, 0.137681, 24, 3
5, 0.130435, 0.130435, 10, 1
5, 0.115942, 0.130435, 37, 2
5, 0.115942, 0.144928, 13, 1
5, 0.115942, 0.130435, 29, 2
5, 0.130435, 0.130435, 7, 1
5, 0.101449, 0.137681, 40, 2
6, 0.144928, 0.144928, 8, 1
6, 0.115942, 0.144928, 11, 1
6, 0.130435, 0.115942, 34, 1
6, 0.130435, 0.144928, 37, 4
6, 0.115942, 0.123188, 47, 3
6, 0.144928, 0.144928, 9, 1
6, 0.115942, 0.144928, 15, 4
6, 0.115942, 0.152174, 28, 1
6, 0.130435, 0.144928, 21, 1
6, 0.086957, 0.123188, 49, 2
6, 0.115942, 0.166667, 13, 4
6, 0.130435, 0.144928, 18, 1
6, 0.144928, 0.130435, 63, 1
6, 0.130435, 0.137681, 15, 1
6, 0.144928, 0.144928, 8, 1
6, 0.130435, 0.152174, 34, 5
6, 0.115942, 0.137681, 30, 2
6, 0.130435, 0.137681, 24, 2
6, 0.115942, 0.130435, 43, 2
6, 0.115942, 0.152174, 24, 3
6, 0.130435, 0.144928, 21, 1
6, 0.144928, 0.144928, 5, 1
6, 0.144928, 0.137681, 42, 1
6, 0.086957, 0.159420, 33, 1
6, 0.115942, 0.137681, 20, 3
6, 0.144928, 0.144928, 7, 1
6, 0.130435, 0.144928, 44, 1
6, 0.144928, 0.137681, 44, 1
6, 0.144928, 0.144928, 8, 1
6, 0.130435, 0.137681, 36, 1
7, 0.072464, 0.130435, 25, 1
7, 0.086957, 0.144928, 7, 1
7, 0.072464, 0.130435, 27, 4
7, 0.072464, 0.152174, 44, 4
7, 0.086957, 0.144928, 12, 1
7, 0.086957, 0.144928, 11, 1
7, 0.086957, 0.144928, 9, 1
7, 0.086957, 0.144928, 8, 1
7, 0.072464, 0.137681, 61, 2
7, 0.072464, 0.152174, 15, 1
7, 0.072464, 0.137681, 44, 1
7, 0.086957, 0.144928, 6, 1
7, 0.086957, 0.144928, 10, 1
7, 0.072464, 0.144928, 44, 4
7, 0.072464, 0.137681, 73, 1
7, 0.086957, 0.144928, 8, 1
7, 0.086957, 0.144928, 3, 1
7, 0.086957, 0.144928, 7, 1
7, 0.072464, 0.137681, 50, 5
7, 0.086957, 0.144928, 8, 1
7, 0.072464, 0.115942, 40, 1
7, 0.072464, 0.123188, 54, 1
7, 0.086957, 0.144928, 7, 1
7, 0.072464, 0.152174, 21, 1
7, 0.086957, 0.144928, 6, 1
7, 0.072464, 0.137681, 25, 5
7, 0.072464, 0.152174, 33, 4
7, 0.072464, 0.144928, 23, 2
7, 0.086957, 0.144928, 9, 1
7, 0.086957, 0.144928, 9, 1
8, 0.101449, 0.115942, 67, 2
8, 0.072464, 0.130435, 27, 1
8, 0.101449, 0.137681, 33, 1
8, 0.101449, 0.137681, 88, 1
8, 0.086957, 0.115942, 65, 2
8, 0.115942, 0.137681, 8, 1
8, 0.072464, 0.152174, 44, 1
8, 0.101449, 0.137681, 72, 1
8, 0.086957, 0.123188, 51, 2
8, 0.072464, 0.144928, 30, 1
8, 0.115942, 0.137681, 10, 1
8, 0.072464, 0.123188, 38, 5
8, 0.072464, 0.115942, 35, 1
8, 0.115942, 0.137681, 8, 1
8, 0.115942, 0.137681, 8, 1
8, 0.072464, 0.123188, 56, 4
8, 0.072464, 0.173913, 29, 1
8, 0.086957, 0.108696, 48, 1
8, 0.086957, 0.137681, 46, 3
8, 0.101449, 0.144928, 15, 7
8, 0.086957, 0.130435, 92, 1
8, 0.086957, 0.130435, 119, 1
8, 0.115942, 0.137681, 7, 1
8, 0.086957, 0.144928, 24, 1
8, 0.086957, 0.130435, 86, 3
8, 0.057971, 0.152174, 60, 1
8, 0.072464, 0.166667, 58, 1
8, 0.115942, 0.137681, 9, 1
8, 0.072464, 0.173913, 28, 1
8, 0.072464, 0.159420, 37, 1
9, 0.101449, 0.152174, 9, 1
9, 0.072464, 0.144928, 19, 3
9, 0.072464, 0.108696, 43, 1
9, 0.072464, 0.108696, 37, 1
9, 0.072464, 0.115942, 48, 4
9, 0.057971, 0.144928, 53, 1
9, 0.086957, 0.144928, 34, 1
9, 0.101449, 0.152174, 8, 1
9, 0.043478, 0.108696, 99, 2
9, 0.086957, 0.144928, 10, 3
9, 0.086957, 0.152174, 25, 1
9, 0.101449, 0.152174, 9, 1
9, 0.072464, 0.152174, 40, 2
9, 0.057971, 0.130435, 43, 1
9, 0.072464, 0.144928, 44, 4
9, 0.072464, 0.144928, 42, 1
9, 0.072464, 0.152174, 21, 1
9, 0.072464, 0.159420, 9, 3
9, 0.101449, 0.152174, 8, 1
9, 0.072464, 0.144928, 68, 1
9, 0.072464, 0.144928, 102, 1
9, 0.086957, 0.144928, 28, 4
9, 0.101449, 0.152174, 7, 1
9, 0.101449, 0.152174, 6, 1
9, 0.086957, 0.152174, 27, 6
9, 0.101449, 0.152174, 8, 1
9, 0.101449, 0.152174, 12, 1
9, 0.101449, 0.152174, 7, 1
9, 0.101449, 0.152174, 6, 1
9, 0.072464, 0.159420, 29, 1
