0, 0.173913, 0.094203, 42, 1
0, 0.188406, 0.123188, 73, 4
0, 0.217391, 0.123188, 56, 1
0, 0.173913, 0.123188, 36, 1
0, 0.173913, 0.101449, 37, 1
0, 0.202899, 0.137681, 12, 2
0, 0.202899, 0.115942, 50, 1
0, 0.202899, 0.108696, 21, 1
0, 0.217391, 0.123188, 18, 1
0, 0.202899, 0.123188, 152, 1
0, 0.202899, 0.130435, 13, 3
0, 0.188406, 0.123188, 77, 1
0, 0.173913, 0.123188, 37, 1
0, 0.202899, 0.137681, 44, 1
0, 0.217391, 0.137681, 15, 1
0, 0.217391, 0.137681, 13, 1
0, 0.188406, 0.123188, 30, 3
0, 0.188406, 0.123188, 30, 1
0, 0.173913, 0.130435, 22, 2
0, 0.217391, 0.108696, 67, 1
0, 0.173913, 0.108696, 54, 2
0, 0.173913, 0.130435, 66, 3
0, 0.188406, 0.130435, 32, 2
0, 0.173913, 0.123188, 38, 2
0, 0.188406, 0.130435, 14, 1
0, 0.202899, 0.137681, 73, 1
0, 0.217391, 0.152174, 34, 1
0, 0.188406, 0.108696, 46, 1
0, 0.173913, 0.115942, 53, 3
0, 0.188406, 0.108696, 58, 1
1, 0.072464, 0.123188, 22, 2
1, 0.101449, 0.130435, 8, 1
1, 0.086957, 0.144928, 15, 1
1, 0.072464, 0.144928, 23, 1
1, 0.086957, 0.123188, 50, 1
1, 0.072464, 0.137681, 16, 1
1, 0.072464, 0.137681, 19, 3
1, 0.086957, 0.130435, 55, 3
1, 0.072464, 0.137681, 17, 1
1, 0.101449, 0.130435, 6, 1
1, 0.072464, 0.137681, 22, 1
1, 0.072464, 0.130435, 40, 1
1, 0.086957, 0.137681, 59, 2
1, 0.086957, 0.152174, 7, 3
1, 0.101449, 0.130435, 5, 1
1, 0.086957, 0.137681, 65, 1
1, 0.086957, 0.137681, 13, 1
1, 0.086957, 0.137681, 37, 1
1, 0.086957, 0.130435, 48, 1
1, 0.086957, 0.137681, 16, 3
1, 0.072464, 0.137681, 27, 1
1, 0.072464, 0.137681, 11, 1
1, 0.072464, 0.130435, 43, 1
1, 0.101449, 0.123188, 16, 1
1, 0.072464, 0.137681, 16, 2
1, 0.086957, 0.123188, 30, 3
1, 0.101449, 0.115942, 43, 1
1, 0.086957, 0.137681, 24, 2
1, 0.086957, 0.130435, 15, 2
1, 0.101449, 0.123188, 150, 1
2, 0.130435, 0.181159, 23, 3
2, 0.144928, 0.181159, 6, 1
2, 0.115942, 0.181159, 33, 1
2, 0.130435, 0.152174, 16, 3
2, 0.144928, 0.181159, 5, 1
2, 0.130435, 0.173913, 28, 2
2, 0.130435, 0.181159, 23, 1
2, 0.130435, 0.173913, 31, 2
2, 0.130435, 0.159420, 13, 1
2, 0.144928, 0.181159, 5, 1
2, 0.130435, 0.166667, 36, 2
2, 0.130435, 0.173913, 34, 4
2, 0.130435, 0.181159, 19, 2
2, 0.130435, 0.152174, 12, 1
2, 0.144928, 0.173913, 15, 1
2, 0.130435, 0.152174, 121, 2
2, 0.115942, 0.166667, 26, 1
2, 0.115942, 0.137681, 45, 3
2, 0.144928, 0.181159, 6, 1
2, 0.115942, 0.144928, 43, 1
2, 0.130435, 0.152174, 24, 2
2, 0.130435, 0.166667, 27, 3
2, 0.144928, 0.181159, 6, 1
2, 0.144928, 0.181159, 6, 1
2, 0.130435, 0.166667, 109, 1
2, 0.130435, 0.144928, 38, 1
2, 0.130435, 0.173913, 23, 1
2, 0.130435, 0.166667, 47, 2
2, 0.115942, 0.159420, 31, 1
2, 0.130435, 0.152174, 26, 3
3, 0.130435, 0.144928, 51, 1
3, 0.144928, 0.166667, 70, 1
3, 0.130435, 0.195652, 34, 4
3, 0.101449, 0.166667, 96, 1
3, 0.144928, 0.181159, 24, 3
3, 0.173913, 0.181159, 5, 1
3, 0.115942, 0.152174, 29, 2
3, 0.144928, 0.173913, 52, 1
3, 0.115942, 0.173913, 63, 1
3, 0.115942, 0.137681, 105, 1
3, 0.159420, 0.173913, 48, 1
3, 0.115942, 0.144928, 68, 1
3, 0.101449, 0.166667, 51, 1
3, 0.130435, 0.166667, 53, 1
3, 0.130435, 0.173913, 90, 1
3, 0.144928, 0.166667, 44, 1
3, 0.130435, 0.166667, 29, 2
3, 0.159420, 0.166667, 32, 1
3, 0.115942, 0.159420, 42, 1
3, 0.144928, 0.166667, 27, 4
3, 0.130435, 0.152174, 60, 1
3, 0.101449, 0.159420, 29, 1
3, 0.159420, 0.188406, 19, 1
3, 0.130435, 0.188406, 72, 4
3, 0.115942, 0.159420, 43, 2
3, 0.115942, 0.173913, 57, 1
3, 0.173913, 0.181159, 6, 1
3, 0.115942, 0.181159, 26, 1
3, 0.115942, 0.181159, 64, 1
3, 0.144928, 0.188406, 107, 1
4, 0.101449, 0.181159, 30, 1
4, 0.086957, 0.210145, 52, 1
4, 0.086957, 0.181159, 16, 2
4, 0.057971, 0.188406, 18, 2
4, 0.101449, 0.188406, 50, 1
4, 0.101449, 0.195652, 22, 1
4, 0.086957, 0.181159, 23, 3
4, 0.072464, 0.166667, 20, 1
4, 0.115942, 0.195652, 5, 1
4, 0.086957, 0.210145, 39, 1
4, 0.101449, 0.181159, 22, 3
4, 0.101449, 0.195652, 35, 1
4, 0.086957, 0.181159, 16, 1
4, 0.057971, 0.144928, 19, 4
4, 0.101449, 0.188406, 75, 1
4, 0.072464, 0.173913, 53, 3
4, 0.101449, 0.202899, 42, 3
4, 0.101449, 0.217391, 38, 1
4, 0.101449, 0.210145, 21, 1
4, 0.086957, 0.173913, 100, 1
4, 0.101449, 0.166667, 55, 3
4, 0.101449, 0.173913, 53, 1
4, 0.101449, 0.202899, 18, 3
4, 0.101449, 0.188406, 19, 4
4, 0.072464, 0.166667, 49, 1
4, 0.101449, 0.202899, 12, 1
4, 0.101449, 0.210145, 17, 1
4, 0.086957, 0.181159, 77, 4
4, 0.115942, 0.195652, 6, 1
4, 0.101449, 0.202899, 15, 1
5, 0.115942, 0.137681, 15, 2
5, 0.086957, 0.137681, 61, 1
5, 0.130435, 0.130435, 5, 1
5, 0.130435, 0.152174, 21, 1
5, 0.115942, 0.130435, 18, 2
5, 0.115942, 0.130435, 51, 1
5, 0.115942, 0.137681, 25, 1
5, 0.115942, 0.123188, 46, 1
5, 0.115942, 0.130435, 16, 3
5, 0.115942, 0.130435, 13, 3
5, 0.115942, 0.137681, 21, 3
5, 0.115942, 0.130435, 18, 3
5, 0.115942, 0.123188, 16, 1
5, 0.130435, 0.130435, 5, 1
5, 0.130435, 0.130435, 7, 1
5, 0.086957, 0.115942, 55, 1
5, 0.130435, 0.130435, 5, 1
5, 0.115942, 0.115942, 68, 1
5, 0.115942, 0.130435, 16, 1
5, 0.115942, 0.137681, 21, 1
5, 0.115942, 0.123188, 31, 2
5, 0.115942, 0.130435, 12, 2
5, 0.115942, 0.137681, 14, 1
5, 0.130435, 0.137681, 10, 1
5, 0.101449, 0.144928, 24, 3
5, 0.115942, 0.130435, 23, 2
5, 0.115942, 0.144928, 13, 3
5, 0.115942, 0.130435, 48, 1
5, 0.101449, 0.137681, 18, 2
5, 0.115942, 0.144928, 65, 1
6, 0.144928, 0.144928, 5, 1
6, 0.115942, 0.152174, 24, 1
6, 0.101449, 0.152174, 26, 3
6, 0.130435, 0.144928, 13, 1
6, 0.130435, 0.137681, 19, 1
6, 0.115942, 0.152174, 19, 2
6, 0.144928, 0.144928, 7, 1
6, 0.144928, 0.144928, 5, 1
6, 0.130435, 0.144928, 21, 2
6, 0.086957, 0.130435, 80, 1
6, 0.144928, 0.144928, 6, 1
6, 0.115942, 0.144928, 17, 3
6, 0.115942, 0.137681, 16, 1
6, 0.115942, 0.144928, 13, 2
6, 0.115942, 0.115942, 30, 2
6, 0.130435, 0.144928, 13, 1
6, 0.130435, 0.137681, 14, 1
6, 0.144928, 0.144928, 5, 1
6, 0.115942, 0.144928, 14, 2
6, 0.115942, 0.152174, 27, 2
6, 0.130435, 0.144928, 19, 2
6, 0.115942, 0.152174, 27, 3
6, 0.115942, 0.144928, 8, 1
6, 0.115942, 0.137681, 17, 2
6, 0.144928, 0.144928, 6, 1
6, 0.144928, 0.144928, 5, 1
6, 0.130435, 0.137681, 15, 1
6, 0.130435, 0.137681, 19, 1
6, 0.130435, 0.137681, 19, 2
6, 0.130435, 0.144928, 13, 1
7, 0.086957, 0.144928, 7, 1
7, 0.086957, 0.144928, 7, 1
7, 0.072464, 0.144928, 83, 1
7, 0.086957, 0.144928, 5, 1
7, 0.057971, 0.137681, 27, 3
7, 0.072464, 0.137681, 49, 1
7, 0.072464, 0.152174, 8, 1
7, 0.072464, 0.166667, 56, 2
7, 0.072464, 0.137681, 24, 2
7, 0.072464, 0.137681, 18, 1
7, 0.072464, 0.144928, 50, 1
7, 0.072464, 0.152174, 23, 1
7, 0.086957, 0.144928, 7, 1
7, 0.072464, 0.137681, 24, 3
7, 0.072464, 0.152174, 39, 1
7, 0.072464, 0.152174, 12, 2
7, 0.072464, 0.137681, 26, 3
7, 0.086957, 0.144928, 7, 1
7, 0.072464, 0.137681, 31, 2
7, 0.072464, 0.130435, 27, 2
7, 0.072464, 0.152174, 21, 2
7, 0.072464, 0.152174, 17, 1
7, 0.072464, 0.137681, 26, 3
7, 0.072464, 0.152174, 13, 1
7, 0.072464, 0.144928, 25, 2
7, 0.086957, 0.144928, 7, 1
7, 0.057971, 0.137681, 15, 2
7, 0.086957, 0.144928, 5, 1
7, 0.086957, 0.152174, 16, 1
7, 0.086957, 0.144928, 6, 1
8, 0.086957, 0.115942, 75, 1
8, 0.086957, 0.166667, 19, 1
8, 0.072464, 0.137681, 58, 3
8, 0.072464, 0.152174, 20, 1
8, 0.086957, 0.137681, 15, 1
8, 0.072464, 0.137681, 24, 3
8, 0.072464, 0.173913, 37, 1
8, 0.086957, 0.115942, 19, 1
8, 0.086957, 0.123188, 40, 1
8, 0.072464, 0.144928, 30, 2
8, 0.086957, 0.144928, 16, 3
8, 0.101449, 0.130435, 59, 1
8, 0.072464, 0.166667, 23, 1
8, 0.072464, 0.159420, 17, 1
8, 0.086957, 0.123188, 36, 4
8, 0.101449, 0.137681, 51, 1
8, 0.072464, 0.173913, 17, 1
8, 0.072464, 0.130435, 33, 1
8, 0.072464, 0.159420, 30, 2
8, 0.057971, 0.130435, 66, 2
8, 0.072464, 0.152174, 34, 1
8, 0.072464, 0.130435, 184, 3
8, 0.101449, 0.137681, 22, 1
8, 0.072464, 0.137681, 29, 3
8, 0.086957, 0.166667, 32, 1
8, 0.072464, 0.152174, 25, 2
8, 0.072464, 0.130435, 29, 2
8, 0.072464, 0.137681, 28, 4
8, 0.072464, 0.137681, 22, 2
8, 0.072464, 0.152174, 16, 1
9, 0.072464, 0.152174, 15, 1
9, 0.057971, 0.108696, 39, 1
9, 0.072464, 0.115942, 32, 1
9, 0.072464, 0.152174, 25, 2
9, 0.043478, 0.159420, 29, 1
9, 0.057971, 0.101449, 81, 3
9, 0.028986, 0.123188, 71, 1
9, 0.043478, 0.137681, 46, 1
9, 0.057971, 0.101449, 49, 1
9, 0.057971, 0.159420, 95, 1
9, 0.072464, 0.130435, 37, 1
9, 0.043478, 0.130435, 23, 1
9, 0.043478, 0.115942, 28, 1
9, 0.057971, 0.130435, 33, 1
9, 0.072464, 0.144928, 23, 2
9, 0.028986, 0.137681, 36, 2
9, 0.072464, 0.152174, 22, 3
9, 0.057971, 0.094203, 40, 1
9, 0.086957, 0.130435, 64, 1
9, 0.043478, 0.130435, 70, 4
9, 0.057971, 0.123188, 30, 3
9, 0.086957, 0.137681, 27, 1
9, 0.072464, 0.144928, 21, 3
9, 0.043478, 0.123188, 26, 1
9, 0.072464, 0.101449, 49, 2
9, 0.101449, 0.152174, 6, 1
9, 0.086957, 0.130435, 33, 2
9, 0.072464, 0.152174, 16, 1
9, 0.057971, 0.137681, 29, 3
9, 0.057971, 0.108696, 69, 1
